0.0162051
0.00143715
0.000368556
0.000366968
0.000346367
0.000328264
0.000328231
0.000308478
0.000307629
0.000305828
0.000305716
0.000304906
0.000304688
0.000304305
0.000303704
0.000303404
0.000302366
0.000302365
0.000301332
0.000301171
0.00030117
0.000300964
0.000300712
0.000300711
0.000300552
0.000300305
0.000300262
0.000299864
0.000297988
0.000283609
0.000269576
0.000269527
0.00026384
0.000230443
0.000226724
1.40456e-005
1.40205e-005
1.40187e-005
1.40127e-005
1.40127e-005
1.40127e-005
1.40127e-005
1.40127e-005
1.40127e-005
1.40127e-005
1.40127e-005
1.40127e-005
1.40127e-005
1.40127e-005
1.40127e-005
1.40127e-005
1.40127e-005
1.40127e-005
1.40127e-005
1.40127e-005
1.40127e-005
1.40127e-005
1.40127e-005
1.40127e-005
1.40127e-005
1.40127e-005
1.40127e-005
1.40127e-005
1.40127e-005
1.40127e-005
1.40127e-005
1.40127e-005
1.40127e-005
1.40127e-005
1.40127e-005
1.40127e-005
1.40127e-005
1.40127e-005
1.40127e-005
1.40127e-005
1.40127e-005
1.40127e-005
1.40127e-005
1.40127e-005
1.40127e-005
1.40127e-005
1.40127e-005
1.40127e-005
1.40127e-005
1.40127e-005
1.40127e-005
1.40127e-005
1.40127e-005
1.40127e-005
1.40127e-005
1.40127e-005
1.40127e-005
1.40127e-005
1.40127e-005
1.40127e-005
1.40127e-005
1.40127e-005
1.40127e-005
1.40127e-005
1.40127e-005
