0.123553
0.060135
0.0335361
0.0247368
0.0204354
0.0181864
0.0168166
0.0158903
0.0151934
0.0146213
0.0141179
0.0136524
0.0132073
0.0127724
0.0123421
0.0119132
0.0114841
0.0110544
0.0106242
0.010194
0.00976461
0.00933702
0.00891227
0.00849149
0.00807579
0.00766624
0.00726392
0.00686984
0.00648492
0.00611005
0.00574602
0.00539355
0.00505326
0.00472569
0.0044113
0.00411045
0.00382341
0.0035504
0.00329151
0.00304678
0.00281617
0.00259955
0.00239676
0.00220754
0.00203159
0.00186857
0.00171805
0.00157961
0.00145276
0.00133699
0.00123178
0.00113656
0.00105078
0.000973845
0.00090519
0.000844229
0.000790388
0.0007431
0.000701811
0.000665984
0.000635098
0.000608653
0.000586176
0.000567215
0.000551348
0.000538178
0.000527339
0.000518492
0.000511329
0.000505567
0.000500956
0.000497272
0.000494318
0.00049192
0.000489933
0.000488232
0.000486712
0.000485292
0.000483904
0.000482501
0.000481046
0.000479517
0.000477902
0.000476198
0.000474411
0.000472551
0.000470632
0.000468674
0.000466696
0.000464719
0.000462763
0.000460848
0.00045899
0.000457206
0.000455507
0.000453902
0.000452396
0.000450993
0.000449689
0.00044848
