0.123553
0.060135
0.0335361
0.0247368
0.0204354
0.0158441
0.0154257
0.0151492
0.0149293
0.0147066
0.0145858
0.0144598
0.0143111
0.0141399
0.0139469
0.0138518
0.013734
0.013594
0.0134325
0.0132502
0.0131605
0.0130491
0.0129168
0.0127642
0.0125919
0.0125071
0.0124019
0.0122769
0.0121326
0.0119698
0.0118896
0.0117901
0.0116719
0.0115355
0.0113816
0.0113058
0.0112118
0.0111
0.0109711
0.0108255
0.0107538
0.0106649
0.0105592
0.0104373
0.0102996
0.0102318
0.0101478
0.0100478
0.00993243
0.00980224
0.00973811
0.00965856
0.009564
0.00945487
0.0093317
0.00927101
0.00919575
0.00910628
0.00900302
0.00888647
0.00882904
0.00875781
0.00867314
0.00857542
0.0084651
0.00841075
0.00834334
0.00826319
0.00817068
0.00806626
0.0080148
0.00795098
0.00787509
0.00778751
0.00768864
0.00763992
0.00757949
0.00750764
0.0074247
0.00733106
0.00728492
0.00722768
0.00715963
0.00708107
0.00699239
0.00694868
0.00689446
0.00683
0.00675558
0.00667155
0.00663015
0.00657878
0.00651769
0.00644718
0.00636756
0.00632833
0.00627964
0.00622175
0.00615493
0.00607947
