0.949663
0.809495
0.690374
0.58914
0.503107
0.429993
0.367856
0.31505
0.270172
0.232032
0.199618
0.172071
0.148659
0.128763
0.111852
0.0974806
0.085266
0.0748845
0.0660611
0.0585616
0.0521872
0.0467691
0.0421635
0.0382487
0.0349206
0.0320913
0.0296859
0.0276408
0.0259017
0.0244228
0.0231649
0.022095
0.0211847
0.0204102
0.0197509
0.0191897
0.0187118
0.0183046
0.0179576
0.0176617
0.0174092
0.0171937
0.0170095
0.0168521
0.0167172
0.0166017
0.0165025
0.0164172
0.0163437
0.0162803
0.0162254
0.0161778
0.0161364
0.0161001
0.0160684
0.0160404
0.0160157
0.0159937
0.015974
0.0159563
0.0159402
0.0159256
0.0159122
0.0158999
0.0158884
0.0158776
0.0158676
0.015858
0.0158489
0.0158402
0.0158318
0.0158237
0.0158159
0.0158082
0.0158007
0.0157934
0.0157862
0.0157791
0.0157721
0.0157652
0.0157584
0.0157516
0.0157448
0.0157381
0.0157315
0.0157248
0.0157182
0.0157117
0.0157051
0.0156986
0.015692
0.0156855
0.015679
0.0156725
0.0156661
0.0156596
0.0156531
0.0156467
0.0156402
0.0156338
