0.123553
0.0265638
0.0169817
0.0159456
0.0157457
0.0156283
0.0155198
0.0154128
0.0153068
0.0152015
0.015097
0.0149934
0.0148905
0.0147883
0.014687
0.0145864
0.0144866
0.0143876
0.0142892
0.0141916
0.0140948
0.0139987
0.0139033
0.0138086
0.0137147
0.0136214
0.0135289
0.013437
0.0133458
0.0132554
0.0131655
0.0130764
0.0129879
0.0129001
0.012813
0.0127265
0.0126407
0.0125555
0.0124709
0.012387
0.0123037
0.012221
0.0121389
0.0120574
0.0119766
0.0118963
0.0118167
0.0117377
0.0116592
0.0115813
0.011504
0.0114273
0.0113511
0.0112755
0.0112005
0.011126
0.0110521
0.0109787
0.0109059
0.0108336
0.0107619
0.0106906
0.0106199
0.0105498
0.0104801
0.010411
0.0103424
0.0102742
0.0102066
0.0101395
0.0100729
0.0100067
0.00994108
0.00987591
0.00981123
0.00974701
0.00968328
0.00962001
0.00955722
0.00949487
0.00943299
0.00937156
0.00931058
0.00925004
0.00918996
0.00913031
0.00907109
0.00901232
0.00895396
0.00889605
0.00883854
0.00878146
0.00872481
0.00866855
0.00861271
0.00855728
0.00850226
0.00844762
0.00839339
0.00833956
