0.0739938
0.0664631
0.0662262
0.0646181
0.0616833
0.0455054
0.0132121
0.00574132
0.00436603
0.00376711
0.00323348
0.00196941
0.00108101
0.000834138
0.000430571
0.000368141
0.000308349
0.000293001
0.000235372
0.000173779
0.000149159
0.000129248
0.000124042
0.000122532
0.000121712
0.000121265
0.000121143
0.000121143
0.000121143
0.000121143
0.00012091
0.000118005
0.00011535
0.000115343
0.000115343
0.000115343
0.000115342
0.000115342
0.000115342
0.000115342
0.000115342
0.000115342
0.000115342
0.000115342
0.000115342
0.000115342
0.000115342
0.000115342
0.000115342
0.000115342
0.000115342
0.000115342
0.000115342
0.000115342
0.000115342
0.000115342
0.000115353
0.000115355
0.000115531
0.000115528
0.000115527
0.000115527
0.000115527
0.000115527
0.000115527
0.000115527
0.000115527
0.000115527
0.000115527
0.000115527
0.000115527
0.000115526
0.000115526
0.000115526
0.000115526
0.000115526
0.000115526
0.000115526
0.000115526
0.000115526
0.000115526
0.000115526
0.000115526
0.000119149
0.00011913
0.000119129
0.000119129
0.000119129
0.000119129
0.000119129
0.000119129
0.000119129
0.000119129
0.000119129
0.000119129
0.000119129
0.000119129
0.000119129
0.000119237
0.000117574
