0.123553
0.0463749
0.0257569
0.0197175
0.0173437
0.0162405
0.015612
0.0151802
0.0148327
0.0145209
0.0142225
0.0139268
0.0136286
0.0133256
0.0130168
0.0127019
0.0123813
0.0120555
0.0117251
0.0113908
0.0110534
0.0107138
0.0103726
0.0100308
0.00968917
0.00934837
0.00900921
0.00867239
0.00833863
0.00800857
0.00768284
0.00736201
0.00704665
0.00673725
0.00643428
0.00613819
0.00584934
0.00556808
0.00529472
0.00502952
0.0047727
0.00452444
0.00428489
0.00405415
0.0038323
0.00361937
0.00341535
0.00322023
0.00303394
0.00285638
0.00268745
0.00252701
0.0023749
0.00223094
0.00209493
0.00196665
0.00184587
0.00173235
0.00162584
0.00152609
0.00143281
0.00134575
0.00126462
0.00118915
0.00111907
0.00105409
0.000993949
0.000938377
0.000887108
0.000839884
0.000796457
0.000756581
0.000720021
0.000686551
0.000655953
0.000628022
0.000602556
0.00057937
0.000558285
0.000539134
0.000521759
0.000506013
0.000491757
0.000478864
0.000467213
0.000456696
0.000447211
0.000438663
0.000430968
0.000424048
0.00041783
0.000412249
0.000407248
0.000402771
0.000398771
0.000395205
0.000392032
0.000389217
0.000386728
0.000384535
