0.123553
0.060135
0.0335361
0.0247368
0.0204354
0.0158441
0.0154257
0.0151492
0.0149293
0.0147066
0.0144711
0.0142185
0.013948
0.0136599
0.0133549
0.0130342
0.0126991
0.0123509
0.0119911
0.0116211
0.0112424
0.0108565
0.010465
0.0100694
0.00967103
0.00927144
0.00887203
0.00847414
0.00807908
0.00768809
0.00730237
0.00692301
0.00655107
0.00618748
0.00583314
0.00548882
0.00515525
0.00483303
0.00452271
0.00422472
0.00393944
0.00366712
0.00364705
0.00362214
0.00359251
0.00355827
0.00351958
0.0034766
0.00342951
0.00337851
0.00332379
0.0032656
0.00320413
0.00313966
0.00307241
0.00300265
0.00293063
0.00285662
0.00278088
0.00270367
0.00262527
0.00254593
0.00246592
0.00238548
0.00230488
0.00222433
0.00214409
0.00206437
0.0019854
0.00190736
0.00183045
0.00175486
0.00168074
0.00160826
0.00153755
0.00146873
0.00140193
0.00133723
0.00127473
0.0012145
0.00115658
0.00110104
0.00109719
0.00109241
0.00108671
0.00108012
0.00107266
0.00106435
0.00105523
0.00104532
0.00103466
0.00102329
0.00101125
0.000998565
0.000985289
0.000971463
0.000957131
0.000942338
0.000927127
0.000911547
